0.482225 -0.875762 0.0223431 0.687687 0.876012 0.482277 -0.00335446 0.551613 -0.00783787 0.0211904 0.999745 0.786409
0.481369 -0.876219 0.0229086 1.1125 0.876486 0.48141 -0.00401962 1.32255 -0.00750639 0.022014 0.999729 0.789278
0.479959 -0.877043 0.0208669 1.51609 0.877273 0.479965 -0.00507645 2.08205 -0.0055631 0.0207424 0.999769 0.792792
0.478963 -0.877645 0.018289 1.93801 0.87783 0.478928 -0.00653392 2.85674 -0.00302466 0.0191842 0.999811 0.794404
0.477229 -0.878661 0.0143774 2.35879 0.878777 0.477201 -0.00557318 3.65081 -0.00196398 0.0152942 0.999881 0.793132
0.47622 -0.879234 0.0126947 2.76507 0.879324 0.476199 -0.00483177 4.42912 -0.00179695 0.0134638 0.999908 0.795362
0.474929 -0.879925 0.0132033 3.19964 0.880019 0.474925 -0.00362396 5.22896 -0.00308176 0.0133403 0.999906 0.799945
0.473704 -0.88057 0.0141623 3.61819 0.880673 0.473718 -0.0026185 6.03238 -0.00440313 0.0137127 0.999896 0.802804
0.472982 -0.880949 0.0147361 4.05481 0.881059 0.472998 -0.00257735 6.84274 -0.00469965 0.0142024 0.999888 0.810903
0.471192 -0.881904 0.0149391 4.47399 0.882023 0.471192 -0.00368537 7.64503 -0.00378905 0.0149132 0.999882 0.810007
0.470531 -0.882252 0.0152486 4.90949 0.882375 0.470533 -0.00370244 8.4689 -0.00390849 0.0151971 0.999877 0.811043
0.470022 -0.882517 0.0156144 5.33921 0.882639 0.470046 -0.00230492 9.2851 -0.00530538 0.0148653 0.999875 0.813478
0.469733 -0.882681 0.0150298 5.77423 0.882767 0.469808 0.001721 10.1053 -0.00858021 0.0124594 0.999886 0.814652
0.470598 -0.882195 0.0163924 6.21173 0.882261 0.470731 0.0052308 10.9459 -0.012331 0.0120007 0.999852 0.81455
0.472115 -0.88133 0.0191235 6.65386 0.88141 0.472304 0.00675493 11.7715 -0.0149854 0.0136665 0.999794 0.810079
0.473043 -0.880781 0.0213418 7.09762 0.88089 0.47327 0.00694841 12.6097 -0.0162205 0.0155128 0.999748 0.806266
0.474752 -0.879839 0.0222113 7.54942 0.880007 0.474944 0.00403533 13.45 -0.0140996 0.0176303 0.999745 0.79966
0.475718 -0.879368 0.0201092 7.99056 0.879543 0.47582 0.000310271 14.2935 -0.00984117 0.0175393 0.999798 0.796089
0.477036 -0.878725 0.0167162 8.44587 0.878855 0.477089 -0.000903075 15.1279 -0.00718154 0.0151219 0.99986 0.786132
0.478086 -0.878108 0.0189829 8.89538 0.878292 0.478111 -0.00346753 15.9679 -0.00603108 0.0183303 0.999814 0.729994
0.478089 -0.878078 0.0202584 9.35247 0.878246 0.478208 0.00119776 16.8324 -0.0107395 0.0172192 0.999794 0.735065
0.477101 -0.878405 0.0279115 9.83766 0.878724 0.477327 0.00164007 17.6946 -0.0147636 0.0237441 0.999609 0.707451
0.476032 -0.878624 0.0375818 10.3082 0.879293 0.476272 -0.00285909 18.5382 -0.0153871 0.0344064 0.999289 0.696555
0.47513 -0.879236 0.0345765 10.7823 0.879843 0.475229 -0.00583406 19.4221 -0.0113022 0.0331938 0.999385 0.705655
0.473862 -0.879968 0.0333169 11.2455 0.880565 0.473837 -0.00914251 20.2965 -0.00774166 0.0336699 0.999403 0.712648
0.47164 -0.881264 0.0304688 11.6959 0.881771 0.471579 -0.00962956 21.1658 -0.00588224 0.0314082 0.999489 0.718315
0.470411 -0.881951 0.029591 12.1513 0.882417 0.47041 -0.00745934 22.0109 -0.00734112 0.0296206 0.999534 0.706386
0.46949 -0.882444 0.0295143 12.6048 0.882875 0.469593 -0.00377949 22.9201 -0.0105245 0.0278319 0.999557 0.685041
0.469159 -0.882689 0.0273805 13.0587 0.883032 0.469312 -0.000964261 23.798 -0.0119988 0.0246302 0.999625 0.700763
0.468002 -0.883276 0.0282492 13.5301 0.88361 0.468223 0.00136598 24.6817 -0.0144335 0.024322 0.9996 0.691254
0.467377 -0.883613 0.0280643 13.9931 0.883883 0.46768 0.00505214 25.5507 -0.0175892 0.0224443 0.999593 0.691939
0.467133 -0.883697 0.0294287 14.4518 0.883952 0.467517 0.00749653 26.4319 -0.0203831 0.0225117 0.999539 0.660851
0.467174 -0.883684 0.0291625 14.904 0.883938 0.467548 0.00726113 27.3433 -0.0200514 0.0223856 0.999548 0.636606
0.467232 -0.883623 0.030095 15.3946 0.883946 0.467565 0.00475109 28.2284 -0.0182695 0.0243825 0.999536 0.642468
0.467634 -0.88344 0.0291954 15.8452 0.883782 0.467892 0.00233375 29.1039 -0.015722 0.024711 0.999571 0.623983
0.467091 -0.88386 0.0248495 16.2909 0.884082 0.467316 0.0038116 29.9905 -0.0149815 0.0201887 0.999684 0.6279
0.466157 -0.884341 0.0252748 16.7601 0.884558 0.466406 0.00469453 30.8719 -0.0159399 0.0201687 0.999669 0.629219
0.465232 -0.884731 0.0284742 17.2332 0.885033 0.465512 0.00374895 31.7434 -0.0165719 0.0234565 0.999587 0.612919
0.464773 -0.884823 0.0327594 17.6641 0.885296 0.465028 0.000159329 32.5842 -0.015375 0.0289278 0.999463 0.598965
0.464404 -0.885153 0.0288692 18.099 0.885547 0.464546 -0.00195592 33.4682 -0.0116798 0.0264734 0.999581 0.59008
0.46381 -0.885645 0.0226602 18.5526 0.885887 0.463899 -0.00149012 34.354 -0.00919232 0.0207655 0.999742 0.611982
0.463581 -0.885811 0.0207452 19.021 0.885986 0.46371 0.00159163 35.2278 -0.0110296 0.0176421 0.999784 0.631631
0.463621 -0.885687 0.0247955 19.4697 0.88591 0.463842 0.00372429 36.0686 -0.0147998 0.02024 0.999686 0.609023
0.463175 -0.885893 0.0257496 19.936 0.886123 0.463427 0.00452763 36.9761 -0.0159441 0.0207202 0.999658 0.613323
0.462707 -0.886098 0.0270776 20.3473 0.886386 0.46294 0.00270568 37.7901 -0.0149328 0.0227493 0.99963 0.617634
0.462376 -0.88628 0.0267549 20.8172 0.886589 0.462558 0.000687981 38.6418 -0.0129854 0.0234025 0.999642 0.627048
0.462218 -0.886394 0.0256981 21.2551 0.886659 0.462418 0.00213971 39.4773 -0.0137799 0.0217965 0.999667 0.6411
0.461729 -0.886579 0.0280128 21.6841 0.886849 0.462031 0.00511792 40.3251 -0.0174802 0.02248 0.999594 0.633629
0.46017 -0.887239 0.0324084 22.1378 0.887552 0.460634 0.00826383 41.1689 -0.0222604 0.0249614 0.99944 0.611742
0.459751 -0.887338 0.0354851 22.5902 0.887694 0.460329 0.00983762 42.0528 -0.0250641 0.0269771 0.999322 0.588741
0.459129 -0.887652 0.0357079 23.0151 0.888096 0.459615 0.00636564 42.9115 -0.0220623 0.0287894 0.999342 0.583954
0.45813 -0.888264 0.0332165 23.4094 0.888748 0.458395 0.000414055 43.6922 -0.0155941 0.0293314 0.999448 0.58041
0.456936 -0.889045 0.0284327 23.8278 0.889442 0.457038 -0.0031806 44.517 -0.0101671 0.0267426 0.999591 0.592578
0.456724 -0.88932 0.0226546 24.2321 0.889554 0.456829 -0.000592036 45.3465 -0.00982277 0.0204229 0.999743 0.578724
0.455989 -0.889721 0.0216929 24.6451 0.889906 0.456139 0.0022901 46.1445 -0.0119325 0.0182603 0.999762 0.55893
0.45409 -0.890735 0.0198184 25.0488 0.890846 0.454271 0.00554966 46.9436 -0.0139462 0.0151351 0.999788 0.57648
0.453181 -0.89119 0.0201494 25.4495 0.891306 0.453367 0.0056023 47.7306 -0.0141278 0.0154205 0.999781 0.575866
0.451726 -0.891985 0.0175066 25.8184 0.892042 0.451896 0.00720709 48.4873 -0.0143398 0.012361 0.999821 0.5819
0.450718 -0.892508 0.0168308 26.1955 0.89254 0.450891 0.00834233 49.2668 -0.0150344 0.0112621 0.999824 0.585027
0.449556 -0.893085 0.0172756 26.5663 0.893123 0.449736 0.00831986 50.0044 -0.0151998 0.011689 0.999816 0.591673
0.448314 -0.893748 0.0151368 26.9272 0.893726 0.448485 0.0107352 50.7148 -0.0163832 0.00871539 0.999828 0.595274
0.447094 -0.894363 0.0149132 27.2636 0.894295 0.447282 0.0132713 51.4182 -0.0185397 0.00740324 0.999801 0.575469
0.446108 -0.894841 0.0157065 27.6143 0.894698 0.446339 0.0172537 52.1344 -0.0224497 0.00635559 0.999728 0.563348
0.44445 -0.895643 0.0169573 27.9437 0.895477 0.44472 0.018578 52.8068 -0.0241806 0.0069279 0.999684 0.555746
0.443502 -0.896104 0.0174107 28.2773 0.896005 0.443761 0.0158424 53.4917 -0.0219226 0.00857398 0.999723 0.557921
0.442616 -0.896603 0.0139424 28.6056 0.896585 0.442761 0.00989721 54.1639 -0.015047 0.0081199 0.999854 0.560034
0.441279 -0.897309 0.0104966 28.9158 0.897326 0.441343 0.0047351 54.8032 -0.00888144 0.00732935 0.999934 0.560719
0.440819 -0.89758 0.00535427 29.2222 0.897569 0.440844 0.00508642 55.4289 -0.00692587 0.00256364 0.999973 0.552378
0.439809 -0.898085 0.0032455 29.4956 0.898032 0.439819 0.00992983 56.0246 -0.0103453 -0.00145267 0.999945 0.565002
0.438859 -0.898539 0.00558865 29.7872 0.898465 0.438894 0.0114963 56.6161 -0.0127827 -2.40249e-05 0.999918 0.562881
0.438004 -0.898927 0.00908377 30.0739 0.898911 0.43807 0.00732066 57.2115 -0.0105601 0.00495902 0.999932 0.566152
0.438529 -0.89864 0.0118035 30.3595 0.898707 0.43855 -0.00090077 57.7688 -0.00436695 0.0110029 0.99993 0.57864
0.439233 -0.898269 0.013708 30.6105 0.898373 0.439192 -0.00601925 58.2882 -0.000613527 0.0149587 0.999888 0.563102
0.441668 -0.897135 0.00886606 30.8667 0.897178 0.441638 -0.00516622 58.8159 0.000719205 0.0102362 0.999947 0.579527
0.445322 -0.895353 0.00567066 31.1147 0.895368 0.445326 -0.000583162 59.348 -0.00200315 0.00533703 0.999984 0.578797
0.449795 -0.893102 0.00728926 31.3676 0.893116 0.44982 0.00229058 59.8057 -0.00532458 0.00547986 0.999971 0.58557
0.454879 -0.890455 0.0132093 31.5917 0.8905 0.454964 0.00418855 60.285 -0.0097395 0.00985764 0.999904 0.613948
0.461418 -0.886981 0.0189235 31.8932 0.887086 0.461578 0.00490781 60.8192 -0.0130878 0.0145222 0.999809 0.624246
0.470166 -0.882443 0.0154114 32.1208 0.882465 0.470314 0.00781164 61.229 -0.0141415 0.00992724 0.999851 0.641131
0.483025 -0.875505 0.0133326 32.3602 0.875494 0.483151 0.00870297 61.7066 -0.0140612 0.00746885 0.999873 0.656136
0.49922 -0.866421 0.00965571 32.5682 0.866359 0.499305 0.010785 62.133 -0.0141655 0.00298122 0.999895 0.650722
0.51793 -0.855371 0.00944139 32.8405 0.855284 0.518014 0.0123029 62.5326 -0.0154143 0.00170303 0.99988 0.643136
0.538564 -0.842473 0.0137267 33.1486 0.84241 0.538713 0.0115492 62.8963 -0.0171246 0.00534349 0.999839 0.63685
0.564307 -0.825381 0.0174436 33.358 0.82531 0.564532 0.0129358 63.2369 -0.0205245 0.00709662 0.999764 0.638426
0.591367 -0.806212 0.0175311 33.6205 0.806095 0.591603 0.0147609 63.5968 -0.0222719 0.0054026 0.999737 0.648578
0.62065 -0.783891 0.0175836 33.9198 0.783756 0.620883 0.0151528 63.918 -0.0227955 0.00437666 0.999731 0.643203
0.651387 -0.758536 0.0178262 34.2365 0.758381 0.651623 0.0156807 64.2271 -0.0235103 0.00330489 0.999718 0.646149
0.687828 -0.725622 0.019118 34.4611 0.725443 0.688089 0.0163186 64.5522 -0.024996 0.00264465 0.999684 0.624109
0.723646 -0.689935 0.018052 34.7321 0.689746 0.723871 0.0161671 64.8199 -0.0242215 0.000752049 0.999706 0.617689
0.759041 -0.650809 0.0174522 35.0675 0.65063 0.759241 0.0152806 65.0591 -0.0231952 -0.000243641 0.999731 0.626166
0.796458 -0.604453 0.0170768 35.3438 0.604273 0.79664 0.0148047 65.2564 -0.0225528 -0.00147227 0.999745 0.604445
0.831638 -0.555095 0.0157492 35.6973 0.554909 0.831779 0.0148064 65.4826 -0.0213188 -0.00357421 0.999766 0.595504
0.866123 -0.499573 0.0160403 36.0104 0.499412 0.866266 0.0130866 65.6677 -0.0204328 -0.00332387 0.999786 0.581126
0.897011 -0.441712 0.0161537 36.3359 0.441583 0.897153 0.0110206 65.8704 -0.0193603 -0.00275237 0.999809 0.583344
0.923936 -0.382217 0.0159056 36.6972 0.382089 0.924065 0.0105699 65.9844 -0.0187378 -0.00368852 0.999818 0.591603
0.946874 -0.3211 0.0180255 37.0545 0.320941 0.947033 0.0111947 66.0906 -0.0206654 -0.00481486 0.999775 0.598798
0.965559 -0.259453 0.0195049 37.4046 0.259246 0.96573 0.0125211 66.1655 -0.0220851 -0.00703328 0.999731 0.592812
0.979623 -0.199719 0.0212264 37.8024 0.199489 0.97982 0.0124832 66.2032 -0.0232912 -0.00799443 0.999697 0.587062
0.989998 -0.139558 0.0206598 38.1845 0.139379 0.99019 0.00986889 66.2194 -0.0218344 -0.00689063 0.999738 0.569908
0.996495 -0.0810074 0.0208662 38.5431 0.0809007 0.996705 0.00590899 66.2144 -0.0212761 -0.00420018 0.999765 0.577845
0.999471 -0.0246377 0.0212481 38.9093 0.024512 0.999681 0.00615326 66.2431 -0.0213929 -0.00562917 0.999755 0.594613
0.999311 0.0311899 0.0200946 39.2936 -0.0313956 0.999457 0.0100015 66.2006 -0.0197718 -0.0106255 0.999748 0.601944
0.996272 0.0837261 0.0207833 39.6885 -0.0839748 0.996403 0.011395 66.2194 -0.0197544 -0.0130978 0.999719 0.566332
0.991181 0.131506 0.0162949 40.0964 -0.131602 0.99129 0.00501293 66.1755 -0.0154937 -0.00711317 0.999855 0.559099
0.984634 0.173831 0.0167091 40.4554 -0.17373 0.984766 -0.00734664 66.054 -0.0177316 0.00433088 0.999833 0.534502
0.977153 0.21163 0.0195989 40.88 -0.211429 0.977322 -0.0118131 65.9705 -0.0216545 0.00739944 0.999738 0.556693
0.969118 0.245706 0.0209358 41.2299 -0.245549 0.969334 -0.00983588 65.8814 -0.0227105 0.00439138 0.999732 0.571055
0.960843 0.276578 0.0169181 41.5967 -0.276636 0.960974 0.00112596 65.7293 -0.0159464 -0.00576201 0.999856 0.604287
0.952039 0.30559 0.0153761 42.005 -0.305722 0.952095 0.00705859 65.6552 -0.0124825 -0.0114209 0.999857 0.568724
0.943636 0.330711 0.0134375 42.365 -0.330805 0.943684 0.00540244 65.5063 -0.0108941 -0.00954313 0.999895 0.567814
0.935278 0.353813 0.00843268 42.7571 -0.353837 0.935306 0.00144992 65.3417 -0.00737413 -0.00433987 0.999963 0.543748
0.927428 0.373999 0.00143002 43.1536 -0.373992 0.927424 -0.00376368 65.1731 -0.00273385 0.00295573 0.999992 0.523505
0.919671 0.392654 -0.00531507 43.5554 -0.392669 0.919677 -0.00215713 65.0141 0.00404115 0.00407092 0.999984 0.534009
0.912414 0.409239 -0.00491124 43.9478 -0.409235 0.912427 0.00186098 64.8605 0.00524273 0.000311865 0.999986 0.544655
0.906017 0.423241 0.000238029 44.4158 -0.423239 0.906013 0.00308266 64.6805 0.00108905 -0.00289369 0.999995 0.542589
0.899354 0.43721 0.0031406 44.8609 -0.437218 0.899353 0.0023097 64.4835 -0.00181468 -0.00345036 0.999992 0.540962
0.893822 0.448403 0.00413718 45.2756 -0.448404 0.893831 -0.000704131 64.2439 -0.00401367 -0.00122576 0.999991 0.534941
0.888599 0.458678 0.00249795 45.7166 -0.458668 0.888599 -0.00380419 63.9993 -0.00396458 0.00223467 0.99999 0.536083
0.883788 0.467888 0.000163932 46.1806 -0.467877 0.88377 -0.00648574 63.7683 -0.00317948 0.00565532 0.999979 0.541024
0.879961 0.475045 -0.000585737 46.6496 -0.475037 0.879938 -0.00693471 63.5238 -0.00277889 0.00638052 0.999976 0.53937
0.877398 0.479761 -0.00145132 47.1754 -0.479758 0.877369 -0.00750545 63.2355 -0.00232748 0.00728155 0.999971 0.537192
0.874348 0.485292 -0.00274272 47.609 -0.485292 0.874288 -0.0106196 62.9737 -0.00275567 0.0106162 0.99994 0.540329
0.871267 0.490808 -0.00102936 48.1127 -0.490804 0.871245 -0.0066264 62.697 -0.00235547 0.00627858 0.999978 0.543673
0.868521 0.495651 -0.00140546 48.6275 -0.495648 0.868495 -0.00707314 62.4049 -0.00228517 0.00683978 0.999974 0.540187
0.867282 0.49781 -0.00251629 49.1777 -0.497812 0.867243 -0.00846597 62.1055 -0.00203221 0.00859503 0.999961 0.544774
0.866086 0.499886 -0.00304899 49.7191 -0.499887 0.866022 -0.0108592 61.782 -0.00278788 0.0109292 0.999936 0.535272
0.864803 0.502109 -0.00147167 50.2806 -0.502102 0.864767 -0.00841035 61.4381 -0.00295026 0.00801223 0.999964 0.53893
0.864148 0.503224 -0.00368277 50.8649 -0.503229 0.864069 -0.0120351 61.0824 -0.00287419 0.0122534 0.999921 0.536246
0.86441 0.502767 -0.00462084 51.4666 -0.502777 0.864293 -0.014599 60.7338 -0.00334613 0.0149428 0.999883 0.530884
0.86547 0.500932 -0.00542853 52.0881 -0.500951 0.865332 -0.0157808 60.3817 -0.00320761 0.0163772 0.999861 0.527741
0.867157 0.497977 -0.00765571 52.7282 -0.498027 0.866946 -0.0193499 60.0217 -0.00299869 0.0205921 0.999783 0.528543
0.869775 0.493404 -0.00663203 53.3723 -0.49344 0.869606 -0.0173789 59.6497 -0.00280758 0.0183883 0.999827 0.544267
0.87219 0.489134 -0.00569909 54.0375 -0.489156 0.872028 -0.0171442 59.2761 -0.00341607 0.0177408 0.999837 0.530744
0.874303 0.485323 -0.00749656 54.7046 -0.48536 0.874015 -0.0228958 58.9049 -0.00455974 0.0236564 0.99971 0.532009
0.876081 0.482147 -0.00405589 55.4038 -0.482122 0.875862 -0.0205909 58.5651 -0.00637544 0.0199947 0.99978 0.529883
0.877904 0.478834 -0.00157845 56.0893 -0.478779 0.877741 -0.0184801 58.1949 -0.00746343 0.0169795 0.999828 0.524925
0.879851 0.475242 -0.00267427 56.8194 -0.475193 0.879647 -0.0203092 57.8423 -0.00729935 0.0191398 0.99979 0.532269
0.881304 0.47251 -0.00612764 57.5494 -0.472535 0.881103 -0.0191991 57.4648 -0.00367266 0.0198157 0.999797 0.520401
0.882225 0.47077 -0.00733671 58.3315 -0.470827 0.882136 -0.0125793 57.0478 0.000550028 0.0145521 0.999894 0.528216
0.882474 0.470315 -0.00658481 59.0383 -0.470352 0.882455 -0.00641722 56.694 0.00279269 0.00876021 0.999958 0.546362
0.882473 0.47033 -0.005478 59.7574 -0.470356 0.882463 -0.00494294 56.3115 0.00250932 0.00693862 0.999973 0.544269
0.882365 0.470535 -0.00547761 60.5205 -0.470565 0.882333 -0.00757246 55.9283 0.00126998 0.00925924 0.999956 0.565353
0.882125 0.470997 -0.00418498 61.2266 -0.471016 0.882092 -0.0076011 55.5557 0.000111437 0.00867631 0.999962 0.56384
0.882172 0.470914 -0.00361861 61.9427 -0.470927 0.882144 -0.00699172 55.1867 -0.000100357 0.00787201 0.999969 0.573634
0.882429 0.470442 -0.00188743 62.6829 -0.470446 0.882421 -0.00358359 54.8107 -2.03595e-05 0.00405019 0.999992 0.587954
0.882391 0.470517 -0.000817859 63.4451 -0.470517 0.882389 -0.0015874 54.4328 -2.52283e-05 0.00178552 0.999998 0.577112
0.881751 0.471714 -0.000716535 64.2015 -0.471713 0.881751 0.00102917 54.0328 0.00111728 -0.000569469 0.999999 0.592969
0.880949 0.47321 -0.0001134 64.8606 -0.47321 0.880948 0.00157514 53.6721 0.000845274 -0.00133396 0.999999 0.602039
0.879147 0.476548 0.00170079 65.5628 -0.476551 0.879143 0.00256148 53.3237 -0.000274571 -0.00306243 0.999995 0.615018
0.876822 0.480792 0.00459231 66.3205 -0.480804 0.876826 0.00178255 52.9083 -0.00316963 -0.00377098 0.999988 0.620532
0.874015 0.485845 0.00731453 66.999 -0.485874 0.874024 0.0029567 52.5126 -0.00495658 -0.00613814 0.999969 0.63249
0.870505 0.492094 0.00802738 67.6975 -0.492132 0.870514 0.00356009 52.1385 -0.00523604 -0.00704961 0.999961 0.651563
0.865765 0.500378 0.00848107 68.3977 -0.500425 0.865767 0.0047247 51.6999 -0.00497849 -0.00833463 0.999953 0.651047
0.860326 0.509696 0.00703034 69.083 -0.509723 0.860335 0.00252661 51.3055 -0.00476065 -0.00575723 0.999972 0.648373
0.855398 0.517918 0.00745019 69.7869 -0.517946 0.85541 0.00238403 50.9108 -0.00513823 -0.00589809 0.999969 0.651821
0.850033 0.526639 0.00976276 70.4964 -0.526694 0.850046 0.00402898 50.5221 -0.00617697 -0.00856675 0.999944 0.66248
0.844125 0.536036 0.0108918 71.1713 -0.536103 0.844141 0.00435912 50.085 -0.00685761 -0.0095188 0.999931 0.68039
0.837883 0.545781 0.00869731 71.8441 -0.545812 0.837906 0.0015398 49.6248 -0.00644714 -0.00603727 0.999961 0.671049
0.831427 0.555525 0.0109925 72.4826 -0.5556 0.831432 0.00544631 49.2008 -0.00611393 -0.0106356 0.999925 0.671994
0.825345 0.564552 0.00930573 73.105 -0.564605 0.82535 0.0043785 48.7662 -0.00520859 -0.00886784 0.999947 0.675827
0.819144 0.573502 0.00995515 73.8107 -0.573566 0.819142 0.00537238 48.3211 -0.00507361 -0.0101107 0.999936 0.689693
0.814112 0.580641 0.00881199 74.3974 -0.580697 0.814096 0.00622927 47.8868 -0.00355683 -0.0101884 0.999942 0.670598
0.808244 0.58878 0.00890115 75.0228 -0.588838 0.808224 0.00657018 47.4238 -0.00332573 -0.0105517 0.999939 0.697605
0.802053 0.597167 0.010153 75.6261 -0.597245 0.802016 0.00832067 46.9761 -0.00317406 -0.0127375 0.999914 0.704308
0.796862 0.604091 0.00919344 76.2128 -0.604144 0.796861 0.00475281 46.5304 -0.00445476 -0.0093415 0.999946 0.696755
0.792656 0.609598 0.00931765 76.7968 -0.609646 0.792667 0.00342941 46.0905 -0.00529523 -0.00839881 0.999951 0.705557
0.789549 0.61362 0.00910738 77.396 -0.613646 0.789582 -3.29878e-05 45.6457 -0.00721126 -0.00556266 0.999959 0.712053
0.787015 0.616871 0.00884767 77.939 -0.616876 0.787057 -0.00239146 45.1924 -0.00843884 -0.0035758 0.999958 0.715115
0.786254 0.617802 0.0111939 78.5266 -0.617829 0.786312 -0.00131924 44.7627 -0.00961696 -0.00587868 0.999936 0.728789
0.784615 0.61988 0.0113179 79.0605 -0.619908 0.784673 -0.0011994 44.3404 -0.00962434 -0.00607499 0.999935 0.727139
0.784375 0.620239 0.00764744 79.6026 -0.62021 0.784413 -0.00603387 43.9297 -0.00974119 -1.01998e-05 0.999953 0.72764
0.785079 0.619365 0.00616876 80.0948 -0.619338 0.785102 -0.00582839 43.5395 -0.00845302 0.000755193 0.999964 0.719702
0.787084 0.616828 0.00468734 80.6122 -0.616802 0.787095 -0.00603905 43.1379 -0.00741444 0.00186208 0.999971 0.715156
0.790178 0.612858 0.00493468 81.1041 -0.612837 0.790193 -0.00516611 42.7824 -0.00706544 0.00105799 0.999974 0.716738
0.794635 0.607076 0.00364906 81.6376 -0.607054 0.794641 -0.0055749 42.3559 -0.00628408 0.00221484 0.999978 0.713405
0.801784 0.597595 0.00479405 82.0612 -0.597574 0.801797 -0.00510366 42.0216 -0.00689378 0.00122723 0.999975 0.741526
0.809488 0.587123 0.00398613 82.5325 -0.587106 0.809496 -0.00483288 41.6921 -0.00606426 0.00157188 0.99998 0.735816
0.818709 0.5742 0.00305411 82.9934 -0.57419 0.818714 -0.00351806 41.4012 -0.00452051 0.00112662 0.999989 0.709675
0.829405 0.558647 -0.000802469 83.4554 -0.558645 0.829396 -0.00430125 41.141 -0.00173732 0.00401578 0.99999 0.713122
0.842927 0.538025 -0.00176312 83.925 -0.538027 0.842927 -0.00108116 40.8499 0.000904495 0.00185995 0.999998 0.705278
0.856937 0.515419 -0.0013248 84.4011 -0.515416 0.856938 0.00209609 40.6723 0.00221564 -0.00111339 0.999997 0.720034
0.872545 0.48852 -0.00360432 84.8658 -0.488521 0.872552 0.000558047 40.4389 0.00341757 0.00127386 0.999993 0.704452
0.889569 0.456797 -0.0017346 85.3695 -0.456797 0.889571 0.00068417 40.241 0.00185557 0.000183741 0.999998 0.695533
0.906757 0.421651 0.0013074 85.872 -0.42165 0.906758 -0.000753251 40.0641 -0.0015031 0.00013175 0.999999 0.705625
0.924878 0.380239 0.00426089 86.3725 -0.380234 0.924888 -0.00201541 39.9105 -0.00470719 0.000243873 0.999989 0.722768
0.942327 0.334583 0.00857055 86.8676 -0.334588 0.942364 -0.000977347 39.7979 -0.00840358 -0.00194662 0.999963 0.74516
0.959054 0.283015 0.0108227 87.3747 -0.283037 0.959109 0.000600931 39.6723 -0.0102101 -0.00363956 0.999941 0.742402
0.97326 0.22947 0.0103993 87.8855 -0.22948 0.973313 -0.000184137 39.6044 -0.010164 -0.00220722 0.999946 0.740133
0.985107 0.171705 0.00899825 88.3764 -0.171695 0.985148 -0.00188349 39.5952 -0.00918802 0.000310477 0.999958 0.743368
0.994038 0.108897 0.00543661 88.8491 -0.108877 0.994047 -0.00395297 39.5947 -0.00583471 0.00333749 0.999977 0.753263
0.999171 0.0406611 0.00201651 89.3163 -0.0406505 0.999161 -0.00503244 39.6249 -0.00221944 0.00494629 0.999985 0.752381
0.999509 -0.031125 -0.00356796 89.8245 0.0311096 0.999507 -0.00428792 39.6198 0.00369966 0.00417481 0.999984 0.728931
0.994645 -0.103166 -0.00618761 90.3145 0.103163 0.994664 -0.000748432 39.684 0.00623181 0.00010609 0.999981 0.713047
0.985006 -0.172345 -0.00773556 90.7499 0.172342 0.985037 -0.00108581 39.8056 0.00780695 -0.000263631 0.999969 0.701912
0.970936 -0.239179 -0.00877063 91.2001 0.23915 0.970973 -0.00428004 39.9776 0.00953974 0.00205815 0.999952 0.707552
0.952383 -0.304867 -0.00468254 91.6338 0.304852 0.952393 -0.00365536 40.1335 0.00557402 0.00205382 0.999982 0.728767
0.929624 -0.36851 -0.000261568 92.0572 0.368508 0.92962 -0.00284399 40.3145 0.0012912 0.00254745 0.999996 0.730127
0.903309 -0.428973 0.00395243 92.4715 0.42898 0.903313 -0.00111525 40.5331 -0.00309187 0.00270293 0.999992 0.738689
0.875397 -0.483327 0.00869231 92.8306 0.483344 0.875431 0.000150349 40.8123 -0.00768218 0.00406976 0.999962 0.749294
0.845493 -0.533837 0.0125998 93.2151 0.533825 0.845582 0.00455476 41.0756 -0.0130856 0.00287505 0.99991 0.770418
0.816102 -0.57774 0.0139267 93.5868 0.577659 0.81622 0.00967504 41.3247 -0.0169569 0.000149063 0.999856 0.778542
0.790927 -0.611785 0.0124233 93.8984 0.611604 0.79101 0.0156078 41.6679 -0.0193756 -0.00474646 0.999801 0.775229
0.766635 -0.642039 0.00752862 94.2147 0.641855 0.766622 0.0176872 41.9726 -0.0171275 -0.00872737 0.999815 0.772498
0.744524 -0.667578 0.00476898 94.5745 0.667411 0.744467 0.0181762 42.2497 -0.0156844 -0.0103498 0.999823 0.709885
0.729279 -0.684194 0.00554908 94.8609 0.684094 0.729278 0.0130206 42.5776 -0.0129554 -0.00569954 0.9999 0.699843
0.7166 -0.697439 0.00797159 95.2362 0.697357 0.716641 0.0109316 42.8954 -0.0133369 -0.00227451 0.999908 0.700895
0.707941 -0.706246 0.00592553 95.5783 0.706141 0.707947 0.0132475 43.2558 -0.013551 -0.00519419 0.999895 0.720139
0.700419 -0.713724 0.00320521 95.9138 0.713607 0.700374 0.0155522 43.6019 -0.0133448 -0.00860581 0.999874 0.726726
0.696373 -0.717678 -0.00193414 96.2574 0.71757 0.696216 0.0193971 43.9904 -0.0125743 -0.0148955 0.99981 0.71112
0.694065 -0.719869 -0.00788004 96.6634 0.719863 0.69385 0.0192294 44.3933 -0.00837512 -0.019019 0.999784 0.713251
0.694206 -0.719702 -0.0103333 97.0259 0.719757 0.694013 0.0171707 44.7799 -0.00518638 -0.0193575 0.999799 0.676112
0.696011 -0.717951 -0.010689 97.4082 0.718027 0.695879 0.0137984 45.1981 -0.00246832 -0.0172788 0.999848 0.665234
0.698446 -0.715541 -0.0131924 97.8141 0.715662 0.698351 0.0115555 45.5879 0.0009445 -0.0175122 0.999846 0.658903
0.702514 -0.711424 -0.0186804 98.1967 0.711647 0.70246 0.0104237 46.022 0.00570652 -0.0206166 0.999771 0.66343
0.705946 -0.707897 -0.0228406 98.5918 0.70824 0.705829 0.0141969 46.4367 0.00607161 -0.0261988 0.999638 0.671256
0.710176 -0.7036 -0.0244282 99.034 0.704023 0.709822 0.0224756 46.873 0.00152584 -0.0331597 0.999449 0.649386
0.713595 -0.700269 -0.0201423 99.4923 0.700556 0.713218 0.0232515 47.32 -0.00191649 -0.030703 0.999527 0.65314
0.716443 -0.697555 -0.0112375 99.9299 0.697609 0.716149 0.0217423 47.7542 -0.00711868 -0.0234165 0.9997 0.654307
0.719373 -0.694567 -0.00887254 100.409 0.694554 0.719061 0.0233676 48.2295 -0.00985047 -0.0229725 0.999687 0.645378
0.721198 -0.692708 -0.0054251 100.869 0.692647 0.72097 0.0210046 48.6725 -0.0106387 -0.0189062 0.999765 0.619296
0.721271 -0.692653 -0.000680597 101.357 0.692588 0.721189 0.0143918 49.1319 -0.00947767 -0.0108517 0.999896 0.642715
0.721129 -0.6928 -0.000785438 101.847 0.692791 0.721112 0.00628577 49.6019 -0.0037884 -0.005077 0.99998 0.660711
0.720881 -0.693015 -0.00774642 102.339 0.693055 0.720869 0.00474592 50.0955 0.00229516 -0.00878994 0.999959 0.662671
0.718369 -0.695454 -0.0170203 102.856 0.695631 0.718353 0.00815232 50.5986 0.006557 -0.0176962 0.999822 0.64285
0.716713 -0.69715 -0.0174358 103.363 0.697357 0.716621 0.012185 51.0945 0.00400006 -0.0208921 0.999774 0.646097
0.71581 -0.69821 -0.0108854 103.878 0.698289 0.715649 0.0154522 51.6101 -0.00299874 -0.018662 0.999821 0.597457
0.713885 -0.700224 -0.00739368 104.395 0.700208 0.713658 0.0200466 52.1115 -0.00876057 -0.0194881 0.999772 0.597103
0.711859 -0.702276 -0.00804645 104.933 0.702282 0.711649 0.0188664 52.6444 -0.00752317 -0.0190811 0.99979 0.614008
0.710486 -0.703597 -0.0126787 105.461 0.703699 0.710254 0.018625 53.1896 -0.00409939 -0.0221548 0.999746 0.627487
0.707949 -0.706113 -0.0145768 106.016 0.706263 0.707823 0.0133817 53.7632 0.000868772 -0.0197686 0.999804 0.629905
0.705377 -0.708581 -0.0188393 106.56 0.70882 0.70527 0.0129632 54.3217 0.00410138 -0.0224976 0.999738 0.651188
0.702713 -0.711204 -0.0195626 107.115 0.71146 0.702603 0.0131756 54.8746 0.00437419 -0.0231767 0.999722 0.651992
0.699731 -0.714152 -0.0190749 107.689 0.714403 0.699559 0.0156596 55.4433 0.00216069 -0.0245846 0.999695 0.64099
0.697523 -0.716394 -0.0155087 108.231 0.716561 0.697317 0.0170006 55.9715 -0.00136466 -0.0229712 0.999735 0.62448
0.697479 -0.716523 -0.0108101 108.797 0.7166 0.697337 0.0143614 56.5581 -0.00275201 -0.0177633 0.999838 0.631578
0.696932 -0.717125 -0.00414719 109.384 0.717126 0.696878 0.00953762 57.1533 -0.00394958 -0.00962114 0.999946 0.63458
0.696002 -0.718029 -0.00402506 109.958 0.718014 0.695919 0.0123317 57.7672 -0.0060534 -0.0114729 0.999916 0.62117
0.696588 -0.717452 -0.00527776 110.545 0.717451 0.696493 0.0127195 58.3493 -0.00544971 -0.0126468 0.999905 0.648929
0.69656 -0.717437 -0.0093465 111.11 0.717495 0.696456 0.0122514 58.9942 -0.00228018 -0.0152399 0.999881 0.65065
0.697064 -0.716689 -0.021419 111.719 0.717008 0.696719 0.0219422 59.6271 -0.000802674 -0.0306527 0.99953 0.654282
0.699525 -0.714036 -0.028591 112.311 0.714608 0.698937 0.0286765 60.2124 -0.000492759 -0.0404913 0.99918 0.667624
0.701627 -0.711996 -0.0279604 112.888 0.712543 0.700992 0.0298905 60.8432 -0.00168192 -0.0408949 0.999162 0.648075
0.703517 -0.710187 -0.026432 113.503 0.710678 0.702962 0.0279559 61.4775 -0.00127322 -0.038452 0.99926 0.648587
0.705023 -0.7087 -0.0262134 114.101 0.709184 0.704558 0.0256202 62.0739 0.000311837 -0.036653 0.999328 0.642575
0.70634 -0.707403 -0.0257637 114.696 0.707871 0.705934 0.0239931 62.6908 0.00121461 -0.0351847 0.99938 0.64115
0.705726 -0.70825 -0.0182241 115.315 0.708485 0.705504 0.0177043 63.2754 0.000318068 -0.0254059 0.999677 0.663799
0.706797 -0.707233 -0.0161249 115.922 0.707417 0.706623 0.0156828 63.8771 0.000302826 -0.0224916 0.999747 0.679857
0.707621 -0.70638 -0.0173206 116.513 0.70659 0.707339 0.0200613 64.5032 -0.00191937 -0.0264344 0.999649 0.67831
0.708392 -0.7056 -0.0176112 117.125 0.705789 0.707907 0.0270296 65.1134 -0.00660496 -0.0315773 0.999479 0.718247
0.709038 -0.704962 -0.0171561 117.743 0.7051 0.708411 0.0314468 65.7213 -0.0100152 -0.0343938 0.999358 0.726933
0.70925 -0.704714 -0.0184944 118.329 0.704942 0.708821 0.0250999 66.3069 -0.00457901 -0.0308396 0.999514 0.679664
0.710315 -0.703516 -0.0227514 118.935 0.703844 0.710248 0.0122971 66.888 0.00750792 -0.0247483 0.999665 0.674779
0.709218 -0.70453 -0.0254445 119.527 0.704825 0.709369 0.00401688 67.483 0.0152196 -0.0207828 0.999668 0.723582
0.709054 -0.704797 -0.0224423 120.117 0.705112 0.709002 0.0115796 68.0607 0.00775037 -0.0240349 0.999681 0.729753
0.708821 -0.705299 -0.0112108 120.718 0.705351 0.708531 0.0215473 68.6882 -0.00725407 -0.0231808 0.999705 0.70009
0.707683 -0.706495 0.00699291 121.35 0.706015 0.707511 0.0311659 69.2973 -0.0269661 -0.0171185 0.99949 0.660592
0.707054 -0.707138 0.00541032 121.94 0.706826 0.706936 0.0252654 69.8649 -0.0216909 -0.0140399 0.999666 0.661705
0.705898 -0.708262 -0.00850342 122.501 0.708287 0.705718 0.0170533 70.4816 -0.00607716 -0.0180607 0.999818 0.673166
0.705196 -0.708803 -0.0172172 123.057 0.709004 0.705094 0.0124704 71.0462 0.00330069 -0.0210011 0.999774 0.662135
0.704137 -0.709807 -0.0191075 123.659 0.710057 0.703993 0.014577 71.6717 0.00310472 -0.0238316 0.999711 0.690587
0.70206 -0.711941 -0.0158536 124.234 0.712118 0.701901 0.0149177 72.2563 0.000507127 -0.0217628 0.999763 0.676171
0.700045 -0.71391 -0.0164069 124.786 0.714098 0.699876 0.0153967 72.8528 0.000490954 -0.0224945 0.999747 0.669998
0.696292 -0.717606 -0.0147937 125.372 0.717754 0.69621 0.0109901 73.4558 0.002413 -0.0182706 0.99983 0.701686
0.693796 -0.719983 -0.0164996 125.935 0.720163 0.693717 0.011032 74.0573 0.00350326 -0.0195364 0.999803 0.717225
0.69201 -0.721597 -0.0204898 126.477 0.721879 0.691864 0.0146409 74.66 0.00361132 -0.0249229 0.999683 0.731364
0.690823 -0.722729 -0.0206438 127.049 0.723019 0.690646 0.0158912 75.2529 0.00277252 -0.0259039 0.999661 0.743431
0.689657 -0.723994 -0.0143391 127.626 0.724135 0.689489 0.0152663 75.8623 -0.00116607 -0.020912 0.999781 0.71668
0.688372 -0.725282 -0.0105061 128.166 0.725349 0.688223 0.0147626 76.4452 -0.00347652 -0.0177828 0.999836 0.728704
0.686899 -0.726683 -0.0100636 128.747 0.726753 0.686837 0.00922826 77.0626 0.000206051 -0.0136527 0.999907 0.730859
0.68364 -0.729758 -0.0094812 129.28 0.729812 0.683633 0.00438589 77.6366 0.00328103 -0.00991786 0.999945 0.728316
0.679158 -0.733942 -0.00856489 129.803 0.733981 0.679164 0.00264488 78.2072 0.00387578 -0.00808277 0.99996 0.732496
0.673925 -0.738769 -0.00675807 130.371 0.7388 0.673896 0.00626298 78.8029 -7.26632e-05 -0.00921365 0.999958 0.729359
0.669603 -0.742719 -0.000531109 130.894 0.742684 0.669565 0.0101976 79.4165 -0.00721835 -0.0072228 0.999948 0.775943
0.666351 -0.74562 0.0052625 131.444 0.745469 0.666333 0.0166241 80.0538 -0.0159018 -0.00715444 0.999848 0.788389
0.663112 -0.74849 0.00677882 131.979 0.74823 0.66308 0.0218678 80.6414 -0.0208627 -0.00942869 0.999738 0.784271
0.659375 -0.7518 0.00459494 132.472 0.751609 0.659326 0.0192956 81.2412 -0.017536 -0.00926947 0.999803 0.769986
0.654259 -0.756261 0.00374594 133.01 0.756225 0.654266 0.00769999 81.8779 -0.00827404 -0.00220502 0.999963 0.779272
0.649146 -0.760663 0.000721511 133.514 0.760663 0.649146 0.000890062 82.4673 -0.0011454 -2.89534e-05 0.999999 0.743147
0.643973 -0.765048 -4.43775e-05 134.048 0.765048 0.643973 -0.000578943 83.1169 0.000471497 0.000338873 1 0.733853
0.638397 -0.769705 -0.00183592 134.566 0.769703 0.638383 0.00500324 83.7327 -0.002679 -0.00460716 0.999986 0.732041
0.631926 -0.775023 -0.00308242 135.062 0.775022 0.631899 0.00664289 84.3562 -0.00320061 -0.00658676 0.999973 0.750512
0.625525 -0.780165 -0.00778396 135.538 0.780203 0.625505 0.00515244 85.005 0.000849153 -0.00929605 0.999956 0.752284
0.618521 -0.785701 -0.0102718 136.039 0.785756 0.618533 0.00234296 85.6604 0.00451255 -0.00952026 0.999945 0.755698
0.611795 -0.790959 -0.00955941 136.552 0.791005 0.611807 0.00191214 86.3156 0.00433609 -0.00873138 0.999952 0.772749
0.60505 -0.796098 -0.0119253 137.04 0.796187 0.604976 0.00946932 86.9842 -0.000323969 -0.0152242 0.999884 0.75846
0.598662 -0.800934 -0.0104408 137.564 0.80097 0.59847 0.0167478 87.647 -0.00716541 -0.018389 0.999805 0.784262
0.592027 -0.80589 -0.00676141 138.048 0.805835 0.591824 0.0193626 88.3101 -0.0116026 -0.0169118 0.99979 0.763712
0.587047 -0.809534 -0.00559223 138.516 0.809445 0.586842 0.0203935 88.9813 -0.0132274 -0.0164985 0.999776 0.765396
0.583132 -0.812346 -0.00706682 139.02 0.812285 0.582913 0.0201396 89.6699 -0.012241 -0.0174844 0.999772 0.746482
0.579514 -0.814883 -0.011367 139.494 0.814924 0.579294 0.0178051 90.401 -0.00792422 -0.0195815 0.999777 0.759266
0.576784 -0.816668 -0.0193106 139.929 0.816894 0.576565 0.0160122 91.0333 -0.00194287 -0.0250103 0.999685 0.751258
0.574305 -0.818282 -0.0242507 140.377 0.81864 0.57411 0.0150735 91.683 0.00158821 -0.0285093 0.999592 0.740401
0.570931 -0.820559 -0.0268491 140.852 0.820997 0.570578 0.020091 92.4021 -0.00116633 -0.0335135 0.999438 0.777754
0.569508 -0.821697 -0.0217746 141.324 0.821905 0.568883 0.0290517 93.0689 -0.0114845 -0.0344419 0.999341 0.755745
0.566824 -0.823657 -0.0173199 141.772 0.823578 0.56599 0.03708 93.7595 -0.0207383 -0.0352821 0.999162 0.747723
0.562846 -0.826457 -0.0131507 142.259 0.826347 0.562267 0.0317184 94.4681 -0.0188197 -0.0287197 0.99941 0.73673
0.558947 -0.829195 -0.00381865 142.673 0.829125 0.558825 0.016326 95.0711 -0.0114034 -0.0122915 0.999859 0.732187
0.553511 -0.832806 -0.00766135 143.116 0.83283 0.553433 0.0102664 95.7491 -0.00430992 -0.0120632 0.999918 0.72648
0.547666 -0.83648 -0.0190558 143.602 0.836691 0.547432 0.0163353 96.4914 -0.00323238 -0.0248901 0.999685 0.712709
0.541561 -0.840547 -0.0138561 144.051 0.840594 0.541235 0.0216107 97.1697 -0.0106654 -0.0233509 0.99967 0.701711
0.534773 -0.844977 -0.00565803 144.472 0.844861 0.534556 0.0214194 97.8878 -0.0150743 -0.0162347 0.999755 0.705543
0.529095 -0.848556 0.00330296 144.933 0.8484 0.529066 0.0175117 98.6154 -0.0166072 -0.00646314 0.999841 0.730178
0.525409 -0.850758 0.0125168 145.367 0.850677 0.525541 0.0124217 99.2924 -0.0171459 0.00412131 0.999844 0.710531
0.519353 -0.854288 0.0215389 145.814 0.854457 0.519517 0.00242955 99.9863 -0.0132653 0.0171423 0.999765 0.760416
0.513729 -0.857697 0.0209424 146.242 0.857934 0.513723 -0.00608794 100.688 -0.00553701 0.0210948 0.999762 0.740701
0.507722 -0.861377 0.0157586 146.673 0.86152 0.507618 -0.0103478 101.403 0.000913982 0.0188302 0.999822 0.704721
0.502065 -0.864798 0.00742133 147.111 0.864824 0.502075 -0.000622642 102.128 -0.00318761 0.00673075 0.999972 0.736075
0.497288 -0.867525 0.0102593 147.548 0.867463 0.497381 0.010949 102.897 -0.0146013 0.00345478 0.999887 0.735706
0.493276 -0.869689 0.0178839 147.889 0.869586 0.493537 0.0155372 103.617 -0.0223389 0.00788752 0.999719 0.702772
0.489859 -0.871551 0.0209153 148.324 0.871544 0.490156 0.012576 104.377 -0.0212124 0.0120681 0.999702 0.679207
0.488459 -0.872441 0.0159752 148.735 0.872505 0.488582 0.0047443 105.124 -0.0119443 0.011621 0.999861 0.716778
0.486944 -0.873406 0.00692086 149.116 0.873429 0.486952 -0.000675459 105.85 -0.00278018 0.00637379 0.999976 0.71608
0.484133 -0.874988 -0.00317665 149.514 0.874994 0.484127 0.00246453 106.59 -0.000618534 -0.00397271 0.999992 0.706131
0.482691 -0.875788 -0.0020217 149.929 0.875786 0.48268 0.00437892 107.349 -0.00285918 -0.00388425 0.999988 0.67414
0.482638 -0.875811 0.00394376 150.327 0.875773 0.482653 0.00822138 108.081 -0.00910385 -0.00051411 0.999958 0.716733
0.482348 -0.87593 0.00934531 150.74 0.875844 0.482433 0.0124521 108.844 -0.0154157 0.00217878 0.999879 0.688892
0.480735 -0.876762 0.0134909 151.135 0.876706 0.480885 0.0117028 109.582 -0.0167481 0.0062016 0.99984 0.662783
0.47867 -0.877849 0.016014 151.492 0.877938 0.478767 0.0026124 110.281 -0.00996028 0.0128089 0.999868 0.676255
0.476742 -0.878889 0.0164575 151.878 0.879043 0.476631 -0.0103235 111.003 0.00122904 0.0193885 0.999811 0.641418
0.475286 -0.879714 0.0143396 152.328 0.879809 0.475097 -0.0147599 111.769 0.00617184 0.0196313 0.999788 0.67714
0.474401 -0.880277 0.00747548 152.697 0.880305 0.474355 -0.00713654 112.528 0.0027361 0.00996628 0.999947 0.669092
0.472973 -0.881056 0.00610864 153.128 0.881059 0.472997 0.00316843 113.322 -0.00568093 0.00388348 0.999976 0.654357
0.471993 -0.88148 0.0147093 153.559 0.881552 0.472078 0.00278553 114.095 -0.00939935 0.0116523 0.999888 0.699116
0.471044 -0.881738 0.0256076 153.931 0.882089 0.471036 -0.00671981 114.839 -0.00613697 0.0257535 0.999649 0.734647
0.471131 -0.8819 0.0169899 154.33 0.882061 0.471081 -0.00711269 115.593 -0.00173095 0.0183372 0.99983 0.703842
0.470952 -0.88213 0.00720063 154.702 0.882158 0.470945 -0.0027493 116.333 -0.000965859 0.00764688 0.99997 0.697505
0.470913 -0.882177 0.00232777 155.092 0.882171 0.470918 0.00314512 117.071 -0.00387074 0.000572412 0.999992 0.677554
0.46993 -0.8827 0.00247439 155.479 0.882676 0.469936 0.00664385 117.827 -0.00702734 -0.000938061 0.999975 0.706576
0.469746 -0.882797 0.00303998 155.849 0.882748 0.469752 0.00945565 118.549 -0.00977545 -0.00175821 0.999951 0.708273
0.46933 -0.88302 0.00238481 156.265 0.88297 0.46933 0.00962827 119.321 -0.00962122 -0.00241312 0.999951 0.722497
0.468804 -0.883291 0.00449433 156.673 0.88328 0.468823 0.00470408 120.078 -0.00626212 0.00176445 0.999979 0.721794
0.46758 -0.88395 0.00122342 157.006 0.88395 0.467581 0.000646166 120.751 -0.00114323 0.000779309 0.999999 0.701905
0.466344 -0.884595 -0.0039645 157.366 0.8846 0.466325 0.00484271 121.511 -0.00243509 -0.00576536 0.99998 0.701348
0.464945 -0.885329 -0.0042602 157.769 0.885273 0.464846 0.0144899 122.268 -0.010848 -0.0105084 0.999886 0.691006
0.463417 -0.886137 0.00237235 158.11 0.885934 0.463366 0.0203227 122.91 -0.0191079 -0.00731614 0.999791 0.702741
0.462925 -0.886262 0.0154913 158.499 0.886178 0.463128 0.0141574 123.616 -0.0197216 0.00717419 0.99978 0.730449
0.462386 -0.886454 0.019984 158.819 0.886546 0.462589 0.00686637 124.246 -0.0153311 0.0145419 0.999777 0.759162
0.463199 -0.886156 0.0132081 159.168 0.886194 0.463289 0.00473817 124.903 -0.0103179 0.00951019 0.999902 0.722027
0.464267 -0.885665 0.00731811 159.474 0.885681 0.464291 0.00191675 125.531 -0.00509533 0.00559162 0.999971 0.725322
0.464887 -0.88534 0.0073102 159.85 0.88537 0.46487 -0.00404017 126.185 0.000178634 0.00835046 0.999965 0.715388
0.467141 -0.884127 0.00988566 160.104 0.884177 0.467071 -0.00867117 126.761 0.00304911 0.0127913 0.999914 0.71853
0.471363 -0.881895 0.00890322 160.462 0.881936 0.471307 -0.00767038 127.407 0.00256832 0.0114676 0.999931 0.719286
0.476597 -0.87908 0.00857797 160.745 0.87912 0.476596 -0.00223342 127.97 -0.00212487 0.0086055 0.999961 0.776902
0.481587 -0.87633 0.0109364 161.08 0.876341 0.48166 0.00540714 128.563 -0.0100061 0.00698004 0.999926 0.796581
0.485933 -0.873905 0.0125924 161.435 0.873888 0.486049 0.00871784 129.179 -0.0137391 0.00676804 0.999883 0.78178
0.491709 -0.870675 0.0121485 161.744 0.87067 0.49181 0.00750208 129.737 -0.0125066 0.00688847 0.999898 0.774413
0.498618 -0.866795 0.00677047 162.046 0.866808 0.49864 0.00183712 130.289 -0.00496844 0.00495267 0.999975 0.746842
0.504883 -0.863188 8.54686e-05 162.38 0.86318 0.504877 -0.00447428 130.869 0.003819 0.00233276 0.99999 0.749157
0.511852 -0.859046 -0.00692933 162.736 0.859038 0.511888 -0.00498239 131.453 0.00782714 -0.00340231 0.999964 0.783345
0.517494 -0.855657 -0.00716839 163.047 0.855666 0.517522 -0.0027286 132.014 0.00604455 -0.00472171 0.999971 0.783362
